# Matter power spectrum P(k) at redshift z=0
# for k=1.04892e-05 to 5.37537 h/Mpc,
# number of wavenumbers equal to 556
#    1:k (h/Mpc)              2:P (Mpc/h)^3        
       1.048916172661e-05       4.790309362803e+01 
       2.342162296470e-05       1.039895831804e+02 
       3.639992052866e-05       1.591271552239e+02 
       4.945925411190e-05       2.138979085837e+02 
       6.263541017611e-05       2.686356067866e+02 
       7.596508359641e-05       3.235919476688e+02 
       8.948620966912e-05       3.789832281879e+02 
       1.032383109306e-04       4.350094666885e+02 
       1.172628632694e-04       4.918642677992e+02 
       1.316036858474e-04       5.497408040037e+02 
       1.463073593513e-04       6.088360054309e+02 
       1.614236770295e-04       6.693538356234e+02 
       1.770061327807e-04       7.315081094851e+02 
       1.931124501680e-04       7.955250788321e+02 
       2.098051555374e-04       8.616459251539e+02 
       2.271521972840e-04       9.301292262778e+02 
       2.452276115523e-04       1.001253438649e+03 
       2.641122320524e-04       1.075319405230e+03 
       2.838944379334e-04       1.152652865856e+03 
       3.046709284294e-04       1.233606930020e+03 
       3.265475058943e-04       1.318564429305e+03 
       3.496398394377e-04       1.407940031199e+03 
       3.740741692907e-04       1.502181945161e+03 
       3.999878970103e-04       1.601772997689e+03 
       4.275299887290e-04       1.707230787055e+03 
       4.568610984897e-04       1.819106543584e+03 
       4.881532977698e-04       1.937982293198e+03 
       5.215892783753e-04       2.064465805544e+03 
       5.573608834203e-04       2.199182866467e+03 
       5.956668213682e-04       2.342766344203e+03 
       6.367094388923e-04       2.495841795755e+03 
       6.806904778284e-04       2.659009371349e+03 
       7.278058260641e-04       2.832822392836e+03 
       7.782393928796e-04       3.017763177062e+03 
       8.321563878061e-04       3.214217582631e+03 
       8.896964380686e-04       3.422449912782e+03 
       9.509671108397e-04       3.642580651083e+03 
       1.016038474326e-03       3.874569389989e+03 
       1.084939302713e-03       4.118204880167e+03 
       1.157655389675e-03       4.373104503868e+03 
       1.234130198273e-03       4.638723017817e+03 
       1.314267786071e-03       4.914370207656e+03 
       1.397937665411e-03       5.199235716657e+03 
       1.484981049727e-03       5.492418634387e+03 
       1.575217835399e-03       5.792958468047e+03 
       1.668453681019e-03       6.099865077191e+03 
       1.764486649387e-03       6.412146641127e+03 
       1.863113033246e-03       6.728831746705e+03 
       1.964132153200e-03       7.048988010280e+03 
       2.067350064454e-03       7.371735493171e+03 
       2.172582220930e-03       7.696255340521e+03 
       2.279655216564e-03       8.021795834855e+03 
       2.388407758658e-03       8.347672472962e+03 
       2.498691035903e-03       8.673268213224e+03 
       2.610368633361e-03       8.998031901468e+03 
       2.723316126733e-03       9.321473000202e+03 
       2.837420464434e-03       9.643157613641e+03 
       2.952579222505e-03       9.962705656403e+03 
       3.068699796223e-03       1.027978426723e+04 
       3.185698574491e-03       1.059410186708e+04 
       3.303500128815e-03       1.090540693335e+04 
       3.422036437687e-03       1.121348362140e+04 
       3.541246158950e-03       1.151814383552e+04 
       3.661073956789e-03       1.181922818810e+04 
       3.781469885822e-03       1.211660218195e+04 
       3.902388831941e-03       1.241015210034e+04 
       4.023790007740e-03       1.269978355773e+04 
       4.145636499281e-03       1.298541818534e+04 
       4.267894860346e-03       1.326699402324e+04 
       4.390534750095e-03       1.354445925184e+04 
       4.513528610061e-03       1.381777708809e+04 
       4.636851376522e-03       1.408691664063e+04 
       4.760480224562e-03       1.435185718491e+04 
       4.884394340386e-03       1.461258218888e+04 
       5.008574718768e-03       1.486909590633e+04 
       5.133003982799e-03       1.512140302850e+04 
       5.257666223409e-03       1.536950210503e+04 
       5.382546856393e-03       1.561340239190e+04 
       5.507632494930e-03       1.585311723417e+04 
       5.632910835811e-03       1.608866082756e+04 
       5.758370557809e-03       1.632005792761e+04 
       5.884001230780e-03       1.654732538266e+04 
       6.009793234291e-03       1.677049707849e+04 
       6.135737684678e-03       1.698959389004e+04 
       6.261826369583e-03       1.720464496387e+04 
       6.388051689139e-03       1.741568795666e+04 
       6.514406603055e-03       1.762274441438e+04 
       6.640884582953e-03       1.782585416375e+04 
       6.767479569382e-03       1.802505166823e+04 
       6.894185933003e-03       1.822036918224e+04 
       7.020998439497e-03       1.841184465434e+04 
       7.147912217795e-03       1.859951393747e+04 
       7.274922731286e-03       1.878341173198e+04 
       7.402025751696e-03       1.896357641160e+04 
       7.529217335347e-03       1.914004594031e+04 
       7.656493801577e-03       1.931285741224e+04 
       7.783851713076e-03       1.948204995488e+04 
       7.911287857969e-03       1.964765768602e+04 
       8.038799233464e-03       1.980972527375e+04 
       8.166383030911e-03       1.996828903813e+04 
       8.294036622135e-03       2.012338233984e+04 
       8.421757546929e-03       2.027504801682e+04 
       8.549543501592e-03       2.042332062860e+04 
       8.677392328408e-03       2.056824153463e+04 
       8.805302005993e-03       2.070984624091e+04 
       8.933270640419e-03       2.084817550953e+04 
       9.061296457053e-03       2.098325951728e+04 
       9.189377793038e-03       2.111513856868e+04 
       9.317513090370e-03       2.124385129509e+04 
       9.445700889507e-03       2.136942355055e+04 
       9.573939823481e-03       2.149190076486e+04 
       9.702228612444e-03       2.161132140975e+04 
       9.830566058643e-03       2.172771540355e+04 
       9.958951041762e-03       2.184110777247e+04 
       1.008738251461e-02       2.195154612370e+04 
       1.021585949915e-02       2.205906248556e+04 
       1.034438108276e-02       2.216368121463e+04 
       1.047294641485e-02       2.226544555800e+04 
       1.060155470365e-02       2.236438312952e+04 
       1.073020521327e-02       2.246053407299e+04 
       1.085889726097e-02       2.255392797682e+04 
       1.098763021458e-02       2.264459271273e+04 
       1.111640349018e-02       2.273256654433e+04 
       1.124521654986e-02       2.281787619185e+04 
       1.137406889969e-02       2.290055755511e+04 
       1.150296008783e-02       2.298063685144e+04 
       1.163188970273e-02       2.305816535684e+04 
       1.176085737154e-02       2.313313978877e+04 
       1.188986275850e-02       2.320562031111e+04 
       1.201890556362e-02       2.327561771398e+04 
       1.214798552124e-02       2.334317773204e+04 
       1.227710239891e-02       2.340831633649e+04 
       1.240625599617e-02       2.347108440593e+04 
       1.253544614350e-02       2.353148618460e+04 
       1.266467270138e-02       2.358957420695e+04 
       1.279393555933e-02       2.364536712409e+04 
       1.292323463506e-02       2.369887865251e+04 
       1.305256987372e-02       2.375016387007e+04 
       1.318194124712e-02       2.379923972509e+04 
       1.331134875313e-02       2.384612893279e+04 
       1.344079241497e-02       2.389086177276e+04 
       1.357027228074e-02       2.393347080884e+04 
       1.369978842280e-02       2.397396576270e+04 
       1.382934093736e-02       2.401238741135e+04 
       1.395892994401e-02       2.404876687730e+04 
       1.408855558531e-02       2.408312289292e+04 
       1.421821802647e-02       2.411547070637e+04 
       1.434791745497e-02       2.414585293728e+04 
       1.447765408030e-02       2.417427854982e+04 
       1.460742813370e-02       2.420079002060e+04 
       1.473723986792e-02       2.422539981359e+04 
       1.486708955701e-02       2.424813416416e+04 
       1.499697749616e-02       2.426902626970e+04 
       1.512690400154e-02       2.428808580313e+04 
       1.525686941022e-02       2.430534288777e+04 
       1.538687408002e-02       2.432082265594e+04 
       1.551691838946e-02       2.433454553188e+04 
       1.564700273771e-02       2.434653974303e+04 
       1.577712754459e-02       2.435681977071e+04 
       1.590729325052e-02       2.436541836217e+04 
       1.603750031657e-02       2.437235303783e+04 
       1.616774922447e-02       2.437763844174e+04 
       1.629804047669e-02       2.438130476326e+04 
       1.642837459651e-02       2.438337216483e+04 
       1.655875212809e-02       2.438387270634e+04 
       1.668917363663e-02       2.438280616111e+04 
       1.681963970845e-02       2.438021202186e+04 
       1.695015095119e-02       2.437612364336e+04 
       1.708070799392e-02       2.437052758841e+04 
       1.721131148738e-02       2.436347051875e+04 
       1.734196210413e-02       2.435494688454e+04 
       1.747266053882e-02       2.434500981417e+04 
       1.760340750837e-02       2.433366998663e+04 
       1.773420375228e-02       2.432093376874e+04 
       1.786505003285e-02       2.430683422702e+04 
       1.799594713549e-02       2.429138866727e+04 
       1.812689586900e-02       2.427462675177e+04 
       1.825789706593e-02       2.425653477510e+04 
       1.838895158288e-02       2.423715505648e+04 
       1.852006030084e-02       2.421652568365e+04 
       1.865122412560e-02       2.419463414892e+04 
       1.878244398812e-02       2.417153883617e+04 
       1.891372084491e-02       2.414718183855e+04 
       1.904505567847e-02       2.412168110069e+04 
       1.917644949775e-02       2.409498801478e+04 
       1.930790333854e-02       2.406712649628e+04 
       1.943941826401e-02       2.403817131041e+04 
       1.957099536516e-02       2.400807138381e+04 
       1.970263576135e-02       2.397686643875e+04 
       1.983434060082e-02       2.394458177424e+04 
       1.996611106124e-02       2.391124506778e+04 
       2.009794835025e-02       2.387686790833e+04 
       2.022985370611e-02       2.384146915017e+04 
       2.036182839823e-02       2.380506162065e+04 
       2.049387372785e-02       2.376762599171e+04 
       2.062599102867e-02       2.372925560188e+04 
       2.075818166752e-02       2.368991478744e+04 
       2.089044704505e-02       2.364961981683e+04 
       2.102278859644e-02       2.360841324026e+04 
       2.115520779216e-02       2.356633402565e+04 
       2.128770613869e-02       2.352328006646e+04 
       2.142028517935e-02       2.347943595111e+04 
       2.155294649507e-02       2.343470542193e+04 
       2.168569170526e-02       2.338912618138e+04 
       2.181852246864e-02       2.334278363589e+04 
       2.195144048416e-02       2.329554441355e+04 
       2.208444749190e-02       2.324756821043e+04 
       2.221754527401e-02       2.319878000117e+04 
       2.235073565571e-02       2.314923556617e+04 
       2.248402050625e-02       2.309892708954e+04 
       2.261740174001e-02       2.304792863181e+04 
       2.275088131753e-02       2.299617063455e+04 
       2.288446124660e-02       2.294373405496e+04 
       2.301814358343e-02       2.289064555568e+04 
       2.315193043382e-02       2.283684325781e+04 
       2.328582395435e-02       2.278238010722e+04 
       2.341982635364e-02       2.272727236455e+04 
       2.355393989365e-02       2.267146692373e+04 
       2.368816689097e-02       2.261516452826e+04 
       2.382250971825e-02       2.255817916633e+04 
       2.395697080554e-02       2.250065341662e+04 
       2.409155264182e-02       2.244250597820e+04 
       2.422625777645e-02       2.238382675276e+04 
       2.436108882077e-02       2.232459090491e+04 
       2.449604844966e-02       2.226478235336e+04 
       2.463113940323e-02       2.220444439879e+04 
       2.476636448851e-02       2.214360778051e+04 
       2.490172658121e-02       2.208232868115e+04 
       2.503722862758e-02       2.202047880303e+04 
       2.517287364624e-02       2.195821383316e+04 
       2.530866473017e-02       2.189545115331e+04 
       2.544460504870e-02       2.183228853494e+04 
       2.558069784959e-02       2.176864684136e+04 
       2.571694646117e-02       2.170452620491e+04 
       2.585335429456e-02       2.164005070166e+04 
       2.598992484600e-02       2.157515268607e+04 
       2.612666169917e-02       2.150989000288e+04 
       2.626356852769e-02       2.144411183449e+04 
       2.640064909762e-02       2.137819481161e+04 
       2.653790727013e-02       2.131180681536e+04 
       2.667534700419e-02       2.124508770723e+04 
       2.681297235941e-02       2.117797362803e+04 
       2.695078749893e-02       2.111057051656e+04 
       2.708879669248e-02       2.104284951429e+04 
       2.722700431946e-02       2.097485064224e+04 
       2.736541487222e-02       2.090650662962e+04 
       2.750403295942e-02       2.083789797769e+04 
       2.764286330949e-02       2.076901318539e+04 
       2.778191077427e-02       2.069986638834e+04 
       2.792118033275e-02       2.063047943007e+04 
       2.806067709494e-02       2.056076511404e+04 
       2.820040630593e-02       2.049090419437e+04 
       2.834037335008e-02       2.042077076100e+04 
       2.848058375534e-02       2.035041820721e+04 
       2.862104319779e-02       2.027988308500e+04 
       2.876175750635e-02       2.020910580987e+04 
       2.890273266762e-02       2.013811970509e+04 
       2.904397483096e-02       2.006701644068e+04 
       2.918549031379e-02       1.999567722199e+04 
       2.932728560704e-02       1.992421366194e+04 
       2.946936738088e-02       1.985252835108e+04 
       2.961174249063e-02       1.978072201202e+04 
       2.975441798297e-02       1.970879079599e+04 
       2.989740110238e-02       1.963668397111e+04 
       3.004069929781e-02       1.956446058815e+04 
       3.018432022972e-02       1.949212336263e+04 
       3.032827177734e-02       1.941966753669e+04 
       3.047256204628e-02       1.934711777598e+04 
       3.061719937645e-02       1.927438922948e+04 
       3.076219235036e-02       1.920162481520e+04 
       3.090754980173e-02       1.912874006593e+04 
       3.105328082452e-02       1.905581509121e+04 
       3.119939478238e-02       1.898277242021e+04 
       3.134590131849e-02       1.890962479372e+04 
       3.149281036586e-02       1.883642280769e+04 
       3.164013215810e-02       1.876319766147e+04 
       3.178787724073e-02       1.868992420914e+04 
       3.193605648296e-02       1.861661124227e+04 
       3.208468109008e-02       1.854321575876e+04 
       3.223376261639e-02       1.846978570435e+04 
       3.238331297880e-02       1.839635449841e+04 
       3.253334447110e-02       1.832289436599e+04 
       3.268386977885e-02       1.824932548193e+04 
       3.283490199512e-02       1.817585353881e+04 
       3.298645463695e-02       1.810226842887e+04 
       3.313854166267e-02       1.802871881160e+04 
       3.329117749006e-02       1.795518084551e+04 
       3.344437701554e-02       1.788160859584e+04 
       3.359815563430e-02       1.780801805152e+04 
       3.375252926146e-02       1.773443762782e+04 
       3.390751435448e-02       1.766087164978e+04 
       3.406312793663e-02       1.758737469551e+04 
       3.421938762185e-02       1.751382060488e+04 
       3.437631164092e-02       1.744031802827e+04 
       3.453391886915e-02       1.736679613395e+04 
       3.469222885554e-02       1.729335709004e+04 
       3.485126185368e-02       1.721994471193e+04 
       3.501103885438e-02       1.714649494831e+04 
       3.517158162023e-02       1.707307889799e+04 
       3.533291272220e-02       1.699973444455e+04 
       3.549505557839e-02       1.692641431771e+04 
       3.565803449514e-02       1.685314008310e+04 
       3.582187471065e-02       1.677988446303e+04 
       3.598660244129e-02       1.670663255549e+04 
       3.615224493080e-02       1.663348920243e+04 
       3.631883050259e-02       1.656035248663e+04 
       3.648638861547e-02       1.648725730619e+04 
       3.665494992286e-02       1.641421949227e+04 
       3.682454633603e-02       1.634119509078e+04 
       3.699521109143e-02       1.626821816894e+04 
       3.716697882268e-02       1.619527647364e+04 
       3.733988563733e-02       1.612240995814e+04 
       3.751396919910e-02       1.604956408730e+04 
       3.768926881575e-02       1.597677594906e+04 
       3.786582553330e-02       1.590400170562e+04 
       3.804368223693e-02       1.583125790995e+04 
       3.822288375942e-02       1.575859485832e+04 
       3.840347699747e-02       1.568590162564e+04 
       3.858551103685e-02       1.561328672693e+04 
       3.876903728713e-02       1.554064615079e+04 
       3.895410962675e-02       1.546810429806e+04 
       3.914078455959e-02       1.539558685816e+04 
       3.932912138399e-02       1.532308846299e+04 
       3.951918237547e-02       1.525059521439e+04 
       3.971103298448e-02       1.517813966165e+04 
       3.990474205072e-02       1.510568511552e+04 
       4.010038203561e-02       1.503324570835e+04 
       4.029802927493e-02       1.496080166733e+04 
       4.049776425350e-02       1.488832640793e+04 
       4.069967190448e-02       1.481588934908e+04 
       4.090384193581e-02       1.474340913973e+04 
       4.111036918682e-02       1.467094283592e+04 
       4.131935401826e-02       1.459837793437e+04 
       4.153090273976e-02       1.452585197566e+04 
       4.174512807889e-02       1.445322700679e+04 
       4.196214969668e-02       1.438064530834e+04 
       4.218209475537e-02       1.430796938518e+04 
       4.240509854449e-02       1.423521591981e+04 
       4.263130517285e-02       1.416241599560e+04 
       4.286086833448e-02       1.408950015301e+04 
       4.309395215835e-02       1.401653111327e+04 
       4.333073215270e-02       1.394340798067e+04 
       4.357139625698e-02       1.387020509196e+04 
       4.381614601588e-02       1.379682751373e+04 
       4.406519789289e-02       1.372329349461e+04 
       4.431878474316e-02       1.364962013665e+04 
       4.457715746909e-02       1.357577754483e+04 
       4.484058688603e-02       1.350172918671e+04 
       4.510936583018e-02       1.342746374352e+04 
       4.538381154675e-02       1.335292432471e+04 
       4.566426840308e-02       1.327815938345e+04 
       4.595111098032e-02       1.320311426008e+04 
       4.624474760699e-02       1.312772788406e+04 
       4.654562441072e-02       1.305200857575e+04 
       4.685422997938e-02       1.297590852025e+04 
       4.717110074200e-02       1.289942525771e+04 
       4.749682720275e-02       1.282247140521e+04 
       4.783206119047e-02       1.274504311594e+04 
       4.817752432184e-02       1.266708411624e+04 
       4.853401792131e-02       1.258857627464e+04 
       4.890243469721e-02       1.250936490640e+04 
       4.928377254460e-02       1.242947471186e+04 
       4.967915093510e-02       1.234884153826e+04 
       5.008983046795e-02       1.226732965853e+04 
       5.051723630197e-02       1.218490161820e+04 
       5.096298637218e-02       1.210142731231e+04 
       5.142892553139e-02       1.201678912219e+04 
       5.191716705615e-02       1.193086794835e+04 
       5.243014333670e-02       1.184348071636e+04 
       5.297066804707e-02       1.175451817946e+04 
       5.354201267900e-02       1.166365064013e+04 
       5.414800102670e-02       1.157063539518e+04 
       5.479312600466e-02       1.147519555410e+04 
       5.548269398120e-02       1.137687014843e+04 
       5.622300239514e-02       1.127515089276e+04 
       5.702155629802e-02       1.116937621519e+04 
       5.788732760388e-02       1.105873471574e+04 
       5.883105521756e-02       1.094211405421e+04 
       5.986557109595e-02       1.081803132896e+04 
       6.100611017880e-02       1.068456582763e+04 
       6.227051109122e-02       1.053910473598e+04 
       6.367912819421e-02       1.037814407817e+04 
       6.525415201483e-02       1.019711844160e+04 
       6.701791348373e-02       9.990261912372e+03 
       6.898976647499e-02       9.750697177829e+03 
       7.118157443643e-02       9.471399775481e+03 
       7.359288801808e-02       9.146761219631e+03 
       7.620816073024e-02       8.774951445217e+03 
       7.899834780935e-02       8.360065670613e+03 
       8.192689962915e-02       7.912799700385e+03 
       8.495719562287e-02       7.449048577516e+03 
       8.805797331999e-02       6.987088017541e+03 
       9.120544063851e-02       6.544540651376e+03 
       9.438288401733e-02       6.135985343580e+03 
       9.757917688758e-02       5.771604740502e+03 
       1.007871663165e-01       5.456778789994e+03 
       1.040023546077e-01       5.192353379490e+03 
       1.072219523755e-01       4.975314009320e+03 
       1.104442442678e-01       4.799634081962e+03 
       1.136681807876e-01       4.657197374088e+03 
       1.168931217441e-01       4.538689000104e+03 
       1.201186772604e-01       4.434470721965e+03 
       1.233446100706e-01       4.335429288406e+03 
       1.265707757845e-01       4.233748787100e+03 
       1.297970864779e-01       4.123584673091e+03 
       1.330234885403e-01       4.001421777921e+03 
       1.362499492117e-01       3.866261690901e+03 
       1.394764484049e-01       3.719407347906e+03 
       1.427029737401e-01       3.564024209707e+03 
       1.459295175298e-01       3.404494334201e+03 
       1.491560749476e-01       3.245748604098e+03 
       1.523826429160e-01       3.092607391183e+03 
       1.556092194306e-01       2.949252253241e+03 
       1.588358031483e-01       2.818860766993e+03 
       1.620623931374e-01       2.703404842506e+03 
       1.652889887244e-01       2.603600753891e+03 
       1.685155894004e-01       2.518990305329e+03 
       1.717421947638e-01       2.448114040933e+03 
       1.749688044847e-01       2.388745484080e+03 
       1.781954182829e-01       2.338142365295e+03 
       1.814220359135e-01       2.293331393944e+03 
       1.846486571585e-01       2.251692550504e+03 
       1.878752818209e-01       2.210573555822e+03 
       1.911019097205e-01       2.167398926105e+03 
       1.943285406911e-01       2.120588235278e+03 
       1.975551745790e-01       2.069340822662e+03 
       2.007818112411e-01       2.013636407902e+03 
       2.040084505441e-01       1.954176230541e+03 
       2.072350923630e-01       1.892177706379e+03 
       2.104617365812e-01       1.829181227708e+03 
       2.136883830888e-01       1.766792378875e+03 
       2.169150317829e-01       1.706480483464e+03 
       2.201416825665e-01       1.649486981955e+03 
       2.233683353484e-01       1.596719976968e+03 
       2.265949900427e-01       1.548756994381e+03 
       2.298216465681e-01       1.505829993781e+03 
       2.330483048482e-01       1.467847812756e+03 
       2.362749648104e-01       1.434419333328e+03 
       2.395016263865e-01       1.404896354042e+03 
       2.427282895116e-01       1.378433722851e+03 
       2.459549541242e-01       1.354085293074e+03 
       2.491816201664e-01       1.330899950460e+03 
       2.524082875829e-01       1.308010813719e+03 
       2.556349563213e-01       1.284725406892e+03 
       2.588616263319e-01       1.260554548986e+03 
       2.620882975674e-01       1.235234845473e+03 
       2.653149699829e-01       1.208721142703e+03 
       2.685416435355e-01       1.181149508903e+03 
       2.717683181846e-01       1.152815506133e+03 
       2.749949938913e-01       1.124122924586e+03 
       2.782216706186e-01       1.095552840311e+03 
       2.814483483312e-01       1.067599496996e+03 
       2.846750269955e-01       1.040726127666e+03 
       2.879017065791e-01       1.015303047148e+03 
       2.911283870515e-01       9.915810912522e+02 
       2.943550683831e-01       9.696614025990e+02 
       2.975817505460e-01       9.495204964933e+02 
       3.008084335132e-01       9.310190213066e+02 
       3.040351172589e-01       9.139417740392e+02 
       3.072618017586e-01       8.980289154136e+02 
       3.104884869886e-01       8.829952130112e+02 
       3.137151729262e-01       8.685566174757e+02 
       3.169418595497e-01       8.544443259969e+02 
       3.201685468383e-01       8.404229141288e+02 
       3.233952347720e-01       8.263045754394e+02 
       3.266219233315e-01       8.119690772377e+02 
       3.298486124984e-01       7.973670879092e+02 
       3.330753022550e-01       7.825273079397e+02 
       3.363019925843e-01       7.675376297283e+02 
       3.395286834697e-01       7.525247180930e+02 
       3.427553748955e-01       7.376346615486e+02 
       3.459820668466e-01       7.230091950811e+02 
       3.492087593083e-01       7.087779655945e+02 
       3.524354522665e-01       6.950469372855e+02 
       3.556621457077e-01       6.818973614990e+02 
       3.588888396187e-01       6.693828045024e+02 
       3.621155339870e-01       6.575234758071e+02 
       3.653422288004e-01       6.463037619047e+02 
       3.685689240471e-01       6.356756064411e+02 
       3.717956197158e-01       6.255598931473e+02 
       3.750223157955e-01       6.158555168621e+02 
       3.782490122758e-01       6.064606597029e+02 
       3.814757091464e-01       5.972784306245e+02 
       3.847024063974e-01       5.882329685046e+02 
       3.879291040193e-01       5.792689174193e+02 
       3.911558020029e-01       5.703502800547e+02 
       3.943825003392e-01       5.614614873912e+02 
       3.976091990198e-01       5.525957819541e+02 
       4.008358980361e-01       5.437657853670e+02 
       4.040625973801e-01       5.349883888488e+02 
       4.072892970441e-01       5.262973007132e+02 
       4.105159970204e-01       5.177352771057e+02 
       4.137426973017e-01       5.093405499521e+02 
       4.169693978808e-01       5.011573148056e+02 
       4.201960987510e-01       4.932085647035e+02 
       4.234227999055e-01       4.855134755718e+02 
       4.266495013379e-01       4.780703409238e+02 
       4.298762030418e-01       4.708792466947e+02 
       4.331029050112e-01       4.639218015920e+02 
       4.363296072402e-01       4.571884433735e+02 
       4.395563097230e-01       4.506581829867e+02 
       4.427830124540e-01       4.443162868535e+02 
       4.460097154279e-01       4.381348991853e+02 
       4.492364186395e-01       4.320870446190e+02 
       4.524631220835e-01       4.261463642212e+02 
       4.556898257550e-01       4.202904310570e+02 
       4.589165296493e-01       4.144979085496e+02 
       4.621432337616e-01       4.087642580978e+02 
       4.653699380874e-01       4.030884054386e+02 
       4.685966426223e-01       3.974740010359e+02 
       4.718233473619e-01       3.919290825435e+02 
       4.750500523022e-01       3.864624250699e+02 
       4.782767574389e-01       3.810774907958e+02 
       4.815034627682e-01       3.757848347937e+02 
       4.847301682861e-01       3.705952909856e+02 
       4.879568739890e-01       3.655171200886e+02 
       4.911835798731e-01       3.605608034484e+02 
       4.944102859350e-01       3.557326668441e+02 
       4.976369921711e-01       3.510314355980e+02 
       5.008636985780e-01       3.464550116076e+02 
       5.040904051526e-01       3.419887350931e+02 
       5.073171118915e-01       3.376255914505e+02 
       5.105438187916e-01       3.333491190897e+02 
       5.137705258499e-01       3.291542145783e+02 
       5.169972330635e-01       3.250297958784e+02 
       5.202239404294e-01       3.209733553617e+02 
       5.234506479447e-01       3.169776707527e+02 
       5.266773556068e-01       3.130394024122e+02 
       5.299040634130e-01       3.091503714293e+02 
       5.331307713606e-01       3.053103752654e+02 
       5.363574794471e-01       3.015180706857e+02 
       5.395841876699e-01       2.977797286892e+02 
       5.428108960266e-01       2.940973992148e+02 
       5.460376045150e-01       2.904780826460e+02 
       5.492643131325e-01       2.869236344030e+02 
       5.524910218770e-01       2.834364652234e+02 
       5.557177307462e-01       2.800133628935e+02 
       5.589444397380e-01       2.766543125982e+02 
       5.621711488502e-01       2.733570573687e+02 
       5.653978580809e-01       2.701201561849e+02 
       5.686245674278e-01       2.669452074831e+02 
       5.959647054051e-01       2.421425629787e+02 
       6.268697705427e-01       2.176489472034e+02 
       6.626118374755e-01       1.935350215906e+02 
       7.052623575234e-01       1.693160408248e+02 
       7.584502103838e-01       1.446667092929e+02 
       8.291025045408e-01       1.189857128696e+02 
       9.315437494177e-01       9.172043466606e+01 
       1.094616907416e+00       6.337928912640e+01 
       1.351892732807e+00       3.839015189454e+01 
       1.699868457971e+00       2.170419422208e+01 
       2.139973477514e+00       1.201018955129e+01 
       2.694066883371e+00       6.526493104481e+00 
       3.391629260502e+00       3.533730510923e+00 
       4.269808263431e+00       1.934646098710e+00 
       5.375370126322e+00       1.083627578253e+00 
